ONEWEB-0012             
1 44057U 19010A   21358.82404602 -.00000005  00000+0 -44923-4 0  9998
2 44057  86.8024 210.7217 0001252 113.5333 246.5932 13.23423240136240
ONEWEB-0010             
1 44058U 19010B   21358.86613421  .00000030  00000+0  38264-4 0  9991
2 44058  86.7871 210.4859 0001484  86.2364 273.8940 13.23127091136300
ONEWEB-0008             
1 44059U 19010C   21358.86972754  .00000060  00000+0  10673-3 0  9995
2 44059  86.8031 210.7017 0001139  80.2151 279.9112 13.23604268136410
ONEWEB-0007             
1 44060U 19010D   21358.91667824  .00009851  00000+0  26110-1 0  9990
2 44060  87.9054 224.2925 0001962  73.0587 109.9088 13.15535202136409
ONEWEB-0006             
1 44061U 19010E   21358.91667824  .00010949  00000+0  29022-1 0  9996
2 44061  87.9091 224.3059 0001672  63.5528 179.3882 13.15534456  3289
ONEWEB-0011             
1 44062U 19010F   21358.91667824  .00011925  00000+0  31606-1 0  9993
2 44062  87.9099 224.3255 0002018  85.8500 217.2052 13.15537031  3281
ONEWEB-0013             
1 45131U 20008A   21358.81660332  .00000841  00000+0  24068-2 0  9996
2 45131  87.9187  17.8263 0002525  96.5563 263.5851 13.09356453 92056
ONEWEB-0017             
1 45132U 20008B   21358.72768455 -.00000513  00000+0 -15051-2 0  9992
2 45132  87.8858   1.4144 0001310  88.0531 272.0746 13.10370111 93766
ONEWEB-0020             
1 45133U 20008C   21358.77290613  .00000691  00000+0  19439-2 0  9993
2 45133  87.8860   1.3941 0001381 122.4886 237.6375 13.10376761 94165
ONEWEB-0021             
1 45134U 20008D   21358.94118723  .00000262  00000+0  71301-3 0  9995
2 45134  87.8989   1.3585 0001926  89.4357 270.6991 13.10371008 94498
ONEWEB-0022             
1 45135U 20008E   21358.73704895 -.00000601  00000+0 -17592-2 0  9994
2 45135  87.8863   1.4001 0001267  99.6832 260.4439 13.10373590 94169
ONEWEB-0023             
1 45136U 20008F   21358.72457526 -.00000421  00000+0 -12435-2 0  9991
2 45136  87.8891   1.3511 0002421  99.1517 260.9885 13.10368466 93899
ONEWEB-0024             
1 45137U 20008G   21358.77133897  .00000633  00000+0  17758-2 0  9995
2 45137  87.8806   1.2952 0002252  82.9629 277.1755 13.10374360 94066
ONEWEB-0025             
1 45138U 20008H   21358.71367353  .00000131  00000+0  33928-3 0  9997
2 45138  87.8847   1.4560 0001985  93.0932 267.0422 13.10368526 94382
ONEWEB-0026             
1 45139U 20008J   21358.88974154 -.00110432  00000+0 -31686+0 0  9992
2 45139  87.8845 346.1519 0000686  78.0904 282.0301 13.11090789 96775
ONEWEB-0028             
1 45140U 20008K   21357.90006981  .00011666  00000+0  33803-1 0  9992
2 45140  87.1678 347.5693 0003369  96.9671 263.1839 13.09418913 94171
ONEWEB-0032             
1 45141U 20008L   21358.72923947 -.00000545  00000+0 -15973-2 0  9999
2 45141  87.8833   1.4232 0001755  84.7787 275.3540 13.10371016 94119
ONEWEB-0033             
1 45142U 20008M   21358.77914018  .00000540  00000+0  15108-2 0  9997
2 45142  87.8830   1.3483 0001669  86.5082 273.6236 13.10368890 94036
ONEWEB-0035             
1 45143U 20008N   21358.73547738 -.00000650  00000+0 -18971-2 0  9990
2 45143  87.8861   1.4247 0001693  99.6960 260.4358 13.10371739 93750
ONEWEB-0036             
1 45144U 20008P   21358.72614565 -.00000480  00000+0 -14110-2 0  9995
2 45144  87.8856   1.3832 0002000  97.3906 262.7449 13.10370562 94189
ONEWEB-0038             
1 45145U 20008Q   21358.88757799  .00000467  00000+0  12808-2 0  9995
2 45145  87.8896 346.1550 0002454  63.8850 296.2531 13.11414925 95997
ONEWEB-0039             
1 45146U 20008R   21359.08924371  .00000443  00000+0  12339-2 0  9994
2 45146  87.8856   1.3503 0002288  77.1171 283.0212 13.10370050 94809
ONEWEB-0040             
1 45147U 20008S   21358.92873430  .00000644  00000+0  18086-2 0  9994
2 45147  87.8857   1.4289 0002190  74.1912 285.9457 13.10372027 93701
ONEWEB-0041             
1 45148U 20008T   21358.92202159  .00000049  00000+0  57392-4 0  9993
2 45148  87.9332 343.5914 0016025 233.5420 126.4253 13.48334323 97674
ONEWEB-0043             
1 45149U 20008U   21358.77756923  .00000614  00000+0  17223-2 0  9995
2 45149  87.8858   1.4111 0002516  87.3681 272.7734 13.10372215 94004
ONEWEB-0044             
1 45150U 20008V   21358.73079790 -.00000558  00000+0 -16349-2 0  9990
2 45150  87.8856   1.4270 0002164  84.6446 275.4928 13.10371478 94294
ONEWEB-0045             
1 45151U 20008W   21358.89431792  .00000287  00000+0  77510-3 0  9997
2 45151  87.8850 346.1978 0001690  79.1069 281.0249 13.11414197 96070
ONEWEB-0047             
1 45152U 20008X   21358.72301109 -.00000345  00000+0 -10241-2 0  9992
2 45152  87.8855   1.4236 0001908  91.7827 268.3519 13.10371691 94018
ONEWEB-0048             
1 45153U 20008Y   21358.71834701 -.00000135  00000+0 -42181-3 0  9997
2 45153  87.8856   1.4204 0002100  94.5653 265.5714 13.10370666 93621
ONEWEB-0049             
1 45154U 20008Z   21358.71992267 -.00000005  00000+0 -49702-4 0  9993
2 45154  87.8847   1.4069 0002144  99.1595 260.9775 13.10370334 93847
ONEWEB-0051             
1 45155U 20008AA  21358.89207175  .00000354  00000+0  96443-3 0  9998
2 45155  87.8825 346.1444 0001686  83.0987 277.0333 13.11412361 96757
ONEWEB-0052             
1 45156U 20008AB  21358.71678515 -.00000038  00000+0 -14549-3 0  9998
2 45156  87.8846   1.3971 0002739 107.1785 252.9642 13.10368403 93758
ONEWEB-0053             
1 45157U 20008AC  21358.77447269  .00000649  00000+0  18238-2 0  9999
2 45157  87.8860   1.4227 0002119  84.3234 275.8135 13.10373798 93739
ONEWEB-0054             
1 45158U 20008AD  21358.73391718 -.00000608  00000+0 -17787-2 0  9998
2 45158  87.8858   1.4299 0001489  84.0769 276.0528 13.10370287 93846
ONEWEB-0056             
1 45159U 20008AE  21358.71523943  .00000026  00000+0  38649-4 0  9998
2 45159  87.8854   1.4274 0001974  94.8290 265.3063 13.10366068 93996
ONEWEB-0057             
1 45160U 20008AF  21358.72146549 -.00000253  00000+0 -76079-3 0  9996
2 45160  87.8858   1.4018 0002140  89.8356 270.3017 13.10369246 94167
ONEWEB-0058             
1 45161U 20008AG  21358.70901431  .00000350  00000+0  96769-3 0  9998
2 45161  87.8861   1.4304 0001946  82.5187 277.6162 13.10367866 94230
ONEWEB-0059             
1 45162U 20008AH  21358.78223884  .00000477  00000+0  13291-2 0  9994
2 45162  87.8858   1.4139 0001845  84.1491 275.9846 13.10371941 94146
ONEWEB-0062             
1 45163U 20008AJ  21358.73237103 -.00000605  00000+0 -17692-2 0  9993
2 45163  87.8858   1.4172 0001910  95.8715 264.2630 13.10372993 94000
ONEWEB-0065             
1 45164U 20008AK  21358.71057074  .00000289  00000+0  79161-3 0  9995
2 45164  87.8880   1.3237 0001995  90.7046 269.4310 13.10369407 93693
ONEWEB-0066             
1 45424U 20020A   21358.87636216  .00000407  00000+0  11135-2 0  9994
2 45424  87.8886 346.2156 0001592  63.8901 296.2390 13.11418965 88340
ONEWEB-0067             
1 45425U 20020B   21358.90105833  .00000264  00000+0  70893-3 0  9993
2 45425  87.8881 346.2156 0001844  77.8841 282.2493 13.11416441 88407
ONEWEB-0080             
1 45426U 20020C   21358.69906390 -.00000430  00000+0 -12499-2 0  9991
2 45426  87.8888 346.2444 0001431  89.4407 270.6885 13.11418224 88344
ONEWEB-0090             
1 45427U 20020D   21358.86739011  .00000146  00000+0  37546-3 0  9998
2 45427  87.8895 346.2455 0001644  83.1415 276.9900 13.11418491 88333
ONEWEB-0061             
1 45428U 20020E   21358.89879861  .00000194  00000+0  51031-3 0  9998
2 45428  87.8884 346.1907 0001887  75.5739 284.5598 13.11414508 88294
ONEWEB-0081             
1 45429U 20020F   21358.88084009  .00000531  00000+0  14627-2 0  9994
2 45429  87.8897 346.1816 0002010  74.8437 285.2913 13.11418511 88404
ONEWEB-0069             
1 45430U 20020G   21358.86962747  .00000257  00000+0  68801-3 0  9997
2 45430  87.8888 346.2252 0001652  77.1328 282.9985 13.11419414 88335
ONEWEB-0031             
1 45431U 20020H   21358.91898202 -.00000514  00000+0 -14851-2 0  9991
2 45431  87.8882 346.2048 0001830  85.3649 274.7688 13.11416273 88326
ONEWEB-0027             
1 45432U 20020J   21358.87937485 -.00000006  00000+0 -49889-4 0  9991
2 45432  87.9106 331.0421 0001522  82.1996 277.9309 13.17646826 91001
ONEWEB-0064             
1 45433U 20020K   21358.91674724 -.00000475  00000+0 -13760-2 0  9998
2 45433  87.8887 346.2227 0001202  86.9632 273.1634 13.11416330 88355
ONEWEB-0018             
1 45434U 20020L   21358.87188466  .00000284  00000+0  76604-3 0  9990
2 45434  87.8886 346.2066 0001779  76.9101 283.2225 13.11419215 88291
ONEWEB-0083             
1 45435U 20020M   21358.70804586 -.00000087  00000+0 -28250-3 0  9998
2 45435  87.8887 346.2465 0001807  86.2507 273.8828 13.11418295 88316
ONEWEB-0095             
1 45436U 20020N   21358.92121971 -.00000495  00000+0 -14314-2 0  9991
2 45436  87.8885 346.2040 0001463  87.5086 272.6210 13.11416598 88347
ONEWEB-0092             
1 45437U 20020P   21358.89654772  .00000262  00000+0  70425-3 0  9994
2 45437  87.8895 346.1732 0002146  90.0660 270.0714 13.11414906 88456
ONEWEB-0085             
1 45438U 20020Q   21358.70131538 -.00000369  00000+0 -10768-2 0  9998
2 45438  87.8888 346.2657 0001672  74.2544 285.8768 13.11417663 88315
ONEWEB-0096             
1 45439U 20020R   21358.93918169 -.00000087  00000+0 -28165-3 0  9995
2 45439  87.8886 346.2036 0001881  75.0789 285.0547 13.11418282 88334
ONEWEB-0037             
1 45440U 20020S   21358.69459234 -.00000502  00000+0 -14537-2 0  9992
2 45440  87.8884 346.2590 0001950  88.8748 271.2604 13.11416784 88339
ONEWEB-0042             
1 45441U 20020T   21358.90552671 -.00000057  00000+0 -19687-3 0  9993
2 45441  87.8884 346.2121 0002016  85.9028 274.2330 13.11416384 88338
ONEWEB-0098             
1 45442U 20020U   21358.69683334 -.00000466  00000+0 -13509-2 0  9991
2 45442  87.8884 346.2534 0001651  72.8757 287.2552 13.11418165 88288
ONEWEB-0055             
1 45443U 20020V   21358.90999980 -.00000257  00000+0 -75958-3 0  9998
2 45443  87.8893 346.1765 0001635  78.7213 281.4099 13.11414585 88282
ONEWEB-0093             
1 45444U 20020W   21358.88534376  .00000598  00000+0  16501-2 0  9994
2 45444  87.8886 346.2200 0001652  76.5559 283.5753 13.11415077 88342
ONEWEB-0029             
1 45445U 20020X   21358.90777458 -.00000181  00000+0 -54621-3 0  9994
2 45445  87.8886 346.1978 0002068  78.4775 281.6585 13.11414780 88327
ONEWEB-0068             
1 45446U 20020Y   21358.87749589  .00000457  00000+0  12546-2 0  9998
2 45446  87.8886 346.2196 0001669  70.0777 290.0531 13.11417940 88266
ONEWEB-0046             
1 45447U 20020Z   21358.87411612  .00000333  00000+0  90430-3 0  9994
2 45447  87.8887 346.2275 0001859  87.5743 272.5598 13.11419081 88270
ONEWEB-0063             
1 45448U 20020AA  21358.90328873 -.00000041  00000+0 -15074-3 0  9994
2 45448  87.8879 346.2173 0001950  93.1661 266.9690 13.11415016 88367
ONEWEB-0019             
1 45449U 20020AB  21358.87861626  .00000512  00000+0  14079-2 0  9993
2 45449  87.8888 346.2052 0001679  89.4151 270.7169 13.11418146 88208
ONEWEB-0094             
1 45450U 20020AC  21358.88087749  .00000021  00000+0  19728-4 0  9995
2 45450  87.9086 330.9607 0001611  80.5805 279.5509 13.17651301 90959
ONEWEB-0087             
1 45451U 20020AD  21358.91225317 -.00000340  00000+0 -99389-3 0  9991
2 45451  87.8891 346.2304 0002051  74.6217 285.5137 13.11415876 88250
ONEWEB-0082             
1 45452U 20020AE  21358.91449096 -.00000413  00000+0 -12023-2 0  9994
2 45452  87.8883 346.1773 0001772  66.1646 293.9667 13.11414809 88348
ONEWEB-0050             
1 45453U 20020AF  21358.83325658  .00001760  00000+0  15824-3 0  9990
2 45453  87.5421 295.8060 0028153 122.7685 237.6264 14.94739570 96183
ONEWEB-0034             
1 45454U 20020AG  21358.70357052 -.00000342  00000+0 -99938-3 0  9995
2 45454  87.8884 346.2426 0001911  79.8054 280.3289 13.11418419 88235
ONEWEB-0060             
1 45455U 20020AH  21358.94143561 -.00000042  00000+0 -15450-3 0  9994
2 45455  87.8888 346.1983 0001828  85.7345 274.3992 13.11417106 88228
ONEWEB-0086             
1 45456U 20020AJ  21358.88310441  .00000547  00000+0  15071-2 0  9997
2 45456  87.8885 346.2047 0001775  76.8400 283.2926 13.11415921 88276
ONEWEB-0088             
1 45457U 20020AK  21358.70581759 -.00000236  00000+0 -70154-3 0  9992
2 45457  87.8883 346.2609 0001969  84.5581 275.5771 13.11417876 88183
ONEWEB-0102             
1 47258U 20100A   21358.84698826 -.00000309  00000+0 -89400-3 0  9996
2 47258  87.8866 315.7729 0001596  71.5277 288.6025 13.12444269 50221
ONEWEB-0109             
1 47259U 20100B   21358.85853630  .00000068  00000+0  15319-3 0  9992
2 47259  87.8983 315.6603 0001524  78.4901 281.6399 13.12444376 50050
ONEWEB-0110             
1 47260U 20100C   21358.88164303  .00000357  00000+0  95782-3 0  9992
2 47260  87.8889 315.7144 0001435  67.8543 292.2738 13.12442009 50228
ONEWEB-0111             
1 47261U 20100D   21358.91167256 -.00000390  00000+0 -11199-2 0  9995
2 47261  87.8892 315.7366 0001612  73.4384 286.6922 13.12443681 50063
ONEWEB-0114             
1 47262U 20100E   21358.86778511  .00000325  00000+0  86750-3 0  9994
2 47262  87.8953 315.6222 0001284  90.0006 270.1269 13.12443072 50014
ONEWEB-0117             
1 47263U 20100F   21358.86085852  .00000053  00000+0  11246-3 0  9990
2 47263  87.8976 315.6684 0001555  74.6544 285.4756 13.12443153 50029
ONEWEB-0118             
1 47264U 20100G   21358.89087619  .00000156  00000+0  39771-3 0  9994
2 47264  87.8874 315.7113 0001867 107.1989 252.9344 13.12439675 50224
ONEWEB-0119             
1 47265U 20100H   21358.91860069 -.00000429  00000+0 -12280-2 0  9996
2 47265  87.8867 315.7651 0001561  75.9395 284.1907 13.12443905 50209
ONEWEB-0120             
1 47266U 20100J   21358.87240009  .00000428  00000+0  11535-2 0  9997
2 47266  87.8939 315.7383 0001411  81.4991 278.6297 13.12443816 50223
ONEWEB-0121             
1 47267U 20100K   21358.93245660 -.00000086  00000+0 -27490-3 0  9993
2 47267  87.8946 315.7864 0001760  71.6975 288.4345 13.12444489 50147
ONEWEB-0122             
1 47268U 20100L   21358.84928748 -.00000304  00000+0 -87934-3 0  9991
2 47268  87.8949 315.6744 0001594  76.2559 283.8747 13.12445380 50046
ONEWEB-0123             
1 47269U 20100M   21358.84467565 -.00000362  00000+0 -10421-2 0  9997
2 47269  87.8880 315.7578 0001633  81.4610 278.6703 13.12443408 50185
ONEWEB-0124             
1 47270U 20100N   21358.90705690 -.00000352  00000+0 -10137-2 0  9993
2 47270  87.8851 315.6636 0002035  69.5097 290.6249 13.12443659 50077
ONEWEB-0125             
1 47271U 20100P   21358.88626867  .00000297  00000+0  78994-3 0  9991
2 47271  87.8925 315.7850 0001390  87.0699 273.0588 13.12443079 50139
ONEWEB-0126             
1 47272U 20100Q   21358.91052130 -.00000410  00000+0 -11739-2 0  9994
2 47272  87.8881 315.7909 0001390  77.1759 282.9525 13.12443626 50209
ONEWEB-0127             
1 47273U 20100R   21358.87471458  .00000384  00000+0  10322-2 0  9993
2 47273  87.8858 315.6836 0001672  82.0510 278.0808 13.12442456 50227
ONEWEB-0128             
1 47274U 20100S   21358.89550678 -.00000001  00000+0 -38815-4 0  9995
2 47274  87.8879 315.7035 0001633  64.3523 295.7774 13.12443149 50247
ONEWEB-0129             
1 47275U 20100T   21358.87702097  .00000418  00000+0  11262-2 0  9993
2 47275  87.8976 315.6547 0001069 155.5895 204.5284 13.12443246 50175
ONEWEB-0130             
1 47276U 20100U   21358.90244379 -.00000231  00000+0 -67776-3 0  9999
2 47276  87.8915 315.7363 0001728  72.1661 287.9655 13.12441201 50146
